
    Percentage distributions of the waiting times for each restriction category across hourly bins, including Total:

    **In Phase (Percentages):**
               Beam In   Draft In  Daylight In   Total In
(-1, 0]  90.244551  95.560872    78.065894  53.841250
(0, 1]    5.103668   0.664540     0.061013  19.732228
(1, 2]    2.099947   2.472089     0.091519   5.514823
(2, 3]    1.382243   0.877193     0.457596   2.103921
(3, 4]    0.505051   0.186071     0.518609   0.573797
(4, 5]    0.425306   0.159490     1.250763   0.828817
(5, 6]    0.186071   0.053163     2.501525   1.147593
(6, 7]    0.026582   0.026582     3.599756   2.996493
(7, 8]    0.026582   0.000000     4.606467   2.964616
(8, 9]    0.000000   0.000000     4.362416   4.941026
(9, 10]   0.000000   0.000000     4.484442   5.355435

    **Out Phase (Percentages):**
              Beam Out  Draft Out  Daylight Out  Total Out
(-1, 0]  90.164806  93.673578     81.582200  56.439150
(0, 1]    5.475811   1.674641      0.000000  17.933033
(1, 2]    2.232855   2.870813      0.030902   7.147457
(2, 3]    1.222754   1.196172      0.030902   2.801030
(3, 4]    0.318979   0.372142      0.030902   0.643915
(4, 5]    0.398724   0.186071      0.339926   0.257566
(5, 6]    0.079745   0.026582      0.741656   0.482936
(6, 7]    0.079745   0.000000      1.668727   1.223439
(7, 8]    0.000000   0.000000      3.275649   2.350290
(8, 9]    0.000000   0.000000      5.686032   4.539601
(9, 10]   0.026582   0.000000      6.613103   6.181584
    