
    Percentage distributions of the waiting times for each restriction category across hourly bins, including Total:

    **In Phase (Percentages):**
               Beam In   Draft In  Daylight In   Total In
(-1, 0]  89.610738  95.838926    76.362523  51.918736
(0, 1]    5.906040   0.832215     0.183711  20.348275
(1, 2]    2.147651   1.932886     0.061237   6.352789
(2, 3]    1.181208   1.127517     0.459277   1.805869
(3, 4]    0.322148   0.161074     0.857318   0.548210
(4, 5]    0.429530   0.053691     1.592162   1.128668
(5, 6]    0.214765   0.053691     2.173913   1.580135
(6, 7]    0.107383   0.000000     3.674219   2.418575
(7, 8]    0.080537   0.000000     4.990814   3.740729
(8, 9]    0.000000   0.000000     4.715248   4.385682
(9, 10]   0.000000   0.000000     4.929577   5.772332

    **Out Phase (Percentages):**
              Beam Out  Draft Out  Daylight Out  Total Out
(-1, 0]  90.979866  94.174497     81.973848  55.859627
(0, 1]    4.563758   1.637584      0.000000  18.222795
(1, 2]    2.255034   1.986577      0.000000   6.696716
(2, 3]    1.342282   1.342282      0.062267   2.962009
(3, 4]    0.322148   0.510067      0.093400   0.837090
(4, 5]    0.348993   0.241611      0.404732   0.515132
(5, 6]    0.107383   0.080537      0.684932   0.450741
(6, 7]    0.053691   0.026846      1.743462   1.223439
(7, 8]    0.000000   0.000000      3.424658   2.640052
(8, 9]    0.026846   0.000000      5.417186   4.410818
(9, 10]   0.000000   0.000000      6.195517   6.181584
    